appId	maxHeap	maxCores	yarnOverhead	numExecs	sparkMemoryFraction	offHeap	offHeapSize	serializer	gcAlgo	newRatio	failedExecs	maxStorage	maxExecution	totalTime	maxUsedHeap	minUsageGap	maxOldGenUsed	totalGCTime	totalNumYoungGC	totalNumOldGC
application_1508545462036_0098	2147483648	1	1073741824	10	0.40	0	0	java	parallel	2	0	597253179	268697600	3302901	1888072492	259411156	1329634836	327359	5002	477
application_1508545462036_0099	2147483648	1	1073741824	10	0.40	0	0	java	parallel	5	1	685533842	285474816	3659855	2030428512	117055136	1761364184	336547	9636	359
application_1508545462036_0100	2147483648	1	1073741824	10	0.40	0	0	java	parallel	8	0	701444594	285474816	3214311	2082229668	65253980	1901653184	370362	8925	375
application_1508545462036_0101	2147483648	1	1073741824	10	0.40	0	0	java	parallel	11	0	707812496	285474816	3237545	2035577636	111906012	1941388812	405010	8897	387
application_1508545462036_0102	2147483648	1	1073741824	10	0.60	0	0	java	parallel	2	0	956608711	302252032	3162707	1940835208	206648440	1431344936	336924	5148	579
application_1508545462036_0103	2147483648	1	1073741824	10	0.60	0	0	java	parallel	5	0	999609858	285474816	3086623	2044756368	102727280	1785051152	333602	9038	426
application_1508545462036_0104	2147483648	1	1073741824	10	0.60	0	0	java	parallel	8	0	1014470047	302252032	3191945	2082506168	64977480	1901991796	408890	8587	458
application_1508545462036_0105	2147483648	1	1073741824	10	0.60	0	0	java	parallel	11	0	1012870468	302252032	3256049	2100654280	46829368	1964758820	464419	9193	462
application_1508545462036_0107	2147483648	1	1073741824	10	0.80	0	0	java	parallel	5	3	1370970948	302252032	4567250	2039381000	108102648	1789432444	424563	9667	619
application_1508545462036_0109	2147483648	1	1073741824	10	0.80	0	0	java	parallel	11	3	1400670753	268697600	4336670	2092729556	54754092	1961531068	549704	10608	687
application_1508545462036_0115	1073741824	1	1073741824	10	0.60	0	0	java	parallel	5	1	418605712	251920384	3759334	993240892	80500932	893030160	490729	9687	928
application_1508545462036_0117	1073741824	1	1073741824	10	0.60	0	0	java	parallel	11	2	430242493	277086208	4136656	1049718744	24023080	978285628	706369	10718	1221
application_1508545462036_0383	4294967296	2	1073741824	10	0.20	0	0	java	parallel	2	0	700354890	226689024	938237	2771381916	1523585380	1850758632	263014	1237	124
application_1508545462036_0384	4294967296	2	1073741824	10	0.20	0	0	java	parallel	5	0	706476836	235077632	946412	2400661508	1894305788	1956504484	309754	2478	157
application_1508545462036_0385	4294967296	2	1073741824	10	0.20	0	0	java	parallel	8	0	715229876	209911808	957634	2279881000	2015086296	2005268956	328079	2689	177
application_1508545462036_0386	4294967296	2	1073741824	10	0.20	0	0	java	parallel	11	0	743368389	218300416	1007831	2392632972	1902334324	2282907644	402839	2492	199
application_1508545462036_0387	4294967296	2	1073741824	10	0.40	0	0	java	parallel	2	0	1399925450	235077632	976041	3576078748	718888548	2580462052	245644	1232	80
application_1508545462036_0388	4294967296	2	1073741824	10	0.40	0	0	java	parallel	5	0	1495717903	251854848	926098	3079661204	1215306092	2623719680	257447	2139	101
application_1508545462036_0389	4294967296	2	1073741824	10	0.40	0	0	java	parallel	8	0	1528345704	235077632	918351	3209743680	1085223616	2935030312	290175	2709	101
application_1508545462036_0390	4294967296	2	1073741824	10	0.40	0	0	java	parallel	11	0	1530240397	235077632	915403	2973877732	1321089564	2745415108	289143	2721	118
application_1508545462036_0391	4294967296	2	1073741824	10	0.60	0	0	java	parallel	2	0	2097370619	251854848	921395	4056145480	238821816	2833699416	193318	1109	43
application_1508545462036_0392	4294967296	2	1073741824	10	0.60	0	0	java	parallel	5	0	2090507370	302153728	851881	4022036796	272930500	3468313060	189293	1801	37
application_1508545462036_0393	4294967296	2	1073741824	10	0.60	0	0	java	parallel	8	0	2091006697	268664832	871883	3693230400	601736896	3327016820	222239	2629	52
application_1508545462036_0394	4294967296	2	1073741824	10	0.60	0	0	java	parallel	11	0	2098049150	268632064	897250	3784804444	510162852	3488693372	250887	3000	72
application_1508545462036_0395	4294967296	2	1073741824	10	0.80	0	0	java	parallel	2	0	2213681415	268599296	835918	4117739420	177227876	2824451012	160986	944	39
application_1508545462036_0396	4294967296	2	1073741824	10	0.80	0	0	java	parallel	5	0	2213204942	268632064	853285	3827808076	467159220	3243183100	199245	1842	37
application_1508545462036_0397	4294967296	2	1073741824	10	0.80	0	0	java	parallel	8	0	2093421583	268599296	862475	3881388856	413578440	3540866108	224893	2624	49
application_1508545462036_0398	4294967296	2	1073741824	10	0.80	0	0	java	parallel	11	0	2231930518	268599296	877531	3693735104	601232192	3447814724	244078	2923	62
application_1508545462036_0403	4294967296	2	1073741824	10	0.40	0	0	java	parallel	2	5	1399188309	411336704	2432167	3756734068	538233228	2754872056	976788	1646	127
application_1508545462036_0404	4294967296	2	1073741824	10	0.40	0	0	java	parallel	5	0	1496127008	411336704	823562	3555138284	739829012	3194290052	671661	1947	117
application_1508545462036_0405	4294967296	2	1073741824	10	0.40	0	0	java	parallel	8	0	1527488680	394526720	707671	3390127308	904839988	3108958300	632257	1546	132
application_1508545462036_0406	4294967296	2	1073741824	10	0.40	0	0	java	parallel	11	0	1534915822	411336704	710180	3490359840	804607456	3291705300	704901	1634	176
application_1508545462036_0407	4294967296	2	1073741824	10	0.60	0	0	java	parallel	2	4	2092116933	386170880	1515953	3999586060	295381236	2808130724	922062	1722	134
application_1508545462036_0408	4294967296	2	1073741824	10	0.60	0	0	java	parallel	5	0	2210117066	419692544	788206	3878153228	416814068	3443602884	533754	1965	73
application_1508545462036_0409	4294967296	2	1073741824	10	0.60	0	0	java	parallel	8	0	2218579359	453279744	776047	3945633164	349334132	3577576748	593220	1517	94
application_1508545462036_0410	4294967296	2	1073741824	10	0.60	0	0	java	parallel	11	1	2316630369	453279744	790196	4036658732	258308564	3852284680	631332	1593	146
application_1508545462036_0413	4294967296	2	1073741824	10	0.80	0	0	java	parallel	8	1	2656848263	436502528	745984	4120938316	174028980	3796142512	544634	1538	85
